2.121657476467584839e+11 2.228023591685566185e+00 4.684304358952036118e-01
2.121660666683826904e+11 2.009659038287726851e+00 1.433671297813664536e-01
2.121661452436012878e+11 1.831839299878479821e+00 1.259004177602925101e-01
2.121664362888579712e+11 1.482120160941234221e+00 5.368489503034821198e-01
2.121666636131625366e+11 1.597863859346789983e+00 1.078108977748261921e-01
2.121666955649253845e+11 1.527199522281972754e+00 7.781753930159064359e-01
2.121671176571445312e+11 1.341077338166736244e+00 4.161128216980487515e-01
2.121679594046620789e+11 2.724847317817638892e+00 1.333420954575649797e-01
2.121682463944185791e+11 2.868327467809089981e+00 2.408488883548491610e-02
2.121685568527478333e+11 3.150294938763656738e+00 1.279947000815505886e-01
2.121685857921582642e+11 3.173824277004059002e+00 2.947268401240601410e-01
2.121687632053151855e+11 2.935941356530867186e+00 3.890749430858678193e-01
2.121691076296963501e+11 2.701679704584244668e+00 3.874676070035905084e-01
2.121692589733363037e+11 2.351786396220751474e+00 1.083053397420850744e-01
2.121694289751254272e+11 2.297340241885534873e+00 4.046883687861856788e-02
2.121695361164856873e+11 2.710962570560036866e+00 6.169830228198738276e-01
2.121697131599664001e+11 2.976991570563650491e+00 4.272252410751627982e-01
2.121697666789603271e+11 2.747953576005322418e+00 8.605309610700164757e-01
2.121701123833228760e+11 1.941204550003599039e+00 2.330370716779791573e-01
2.121702039975715027e+11 2.142184692714355521e+00 2.571782728446036503e-01
2.121702296719648132e+11 1.947077892599096360e+00 3.966417873013728945e-01
2.121705546769584045e+11 1.333649878103510655e+00 1.153811769900225798e-01
2.121707442584381714e+11 7.531101979331913387e-01 3.806599575427492277e-01
2.121707460142080078e+11 9.476699779753083863e-01 7.838001533029405332e-02
2.121709175492644653e+11 1.237225394224336084e+00 3.571379933832223297e-01
2.121709948306560059e+11 6.227151749155583893e-01 7.428249752461221767e-02
2.121710890628160095e+11 5.000000000000000000e-01 6.966026211253088796e-02
2.121711766345252991e+11 6.006891594406513768e-01 3.862855254449050757e-01
2.121712609150079956e+11 8.873659895277579146e-01 1.332074091319072062e-01
2.121713465719680176e+11 6.574902104199602526e-01 9.127222881785117259e-02
2.121714274872960205e+11 1.154437477698710079e+00 2.003036534402361235e-01
2.121715065385785522e+11 8.870104695374485537e-01 5.100912421082249848e-01
2.121715214050671387e+11 6.678311491115156429e-01 3.897335447014370624e-01
2.121715229532480164e+11 7.498167420166117481e-01 1.200453539292027222e-01
2.121716932905395203e+11 1.100278093293306725e+00 3.849824594905758013e-01
2.121718639925142517e+11 7.617577251509732861e-01 3.864982709270798344e-01
2.121719493735360107e+11 1.308914092783707073e+00 3.981402026930409149e-02
2.121720358901759949e+11 1.670304661360828113e+00 8.740874501378306793e-02
2.121720382439461365e+11 1.493862702636873374e+00 3.991397879519226755e-01
2.121720999476630249e+11 1.673976733369747283e+00 1.659988878864202266e-01
2.121721232388479919e+11 1.848179286760412765e+00 1.092021364884870893e-01
2.121721855759295654e+11 2.081376126923432324e+00 3.036097640603268588e-01
2.121722890110719910e+11 2.649176409491794004e+00 2.478927439725604198e-01
2.121725259359337463e+11 3.196599820339248055e+00 1.318255510185913637e-01
2.121725546272154846e+11 2.753185121336367835e+00 4.256794487777594282e-01
2.121726200740127869e+11 3.175439702968988698e+00 1.362737292193157423e-01
2.121726963419280090e+11 3.346254714915168016e+00 2.265187378742147262e-01
2.121729870917295227e+11 4.252850770811821945e+00 2.932140158054466483e-01
2.121730683606719971e+11 3.600024805605067435e+00 7.399505193093551536e-02
2.121731559460800171e+11 3.996796166198212319e+00 3.730515119071273755e-01
2.121731595478670349e+11 3.284243608734620956e+00 3.886905868506574380e-01
2.121732239014512329e+11 3.593508947050904290e+00 8.360652779214038099e-02
2.121733025707507324e+11 3.644021291351162706e+00 5.069274819521499970e-02
2.121735042446535339e+11 3.750291825433473392e+00 3.927274447735739638e-01
2.121735902961600037e+11 3.553400987675491507e+00 7.169475747242957941e-02
2.121736726457279968e+11 3.419354533288582410e+00 7.739449301147612037e-02
2.121737609715839844e+11 3.116170724435708639e+00 7.835474289439514628e-02
2.121738501813119812e+11 3.342476666822206788e+00 9.093665103670178773e-02
2.121739328626559753e+11 3.437351440146396264e+00 8.706713940952306996e-02
2.121739979938617554e+11 3.734855255022048848e+00 1.947842554095744472e-01
2.121740206528320007e+11 3.700727822292381397e+00 8.483527508657368044e-02
2.121741105675840149e+11 3.335435344449266815e+00 6.384405712686094803e-02
2.121741910555914001e+11 2.685314834879914958e+00 3.962107113688188575e-01
2.121742805423040161e+11 2.863351693932011166e+00 1.160783893891029067e-01
2.121743560856618652e+11 2.427193247374202834e+00 3.877038083141695624e-01
2.121744277712390442e+11 2.399149529675384862e+00 1.811336518016812280e-01
2.121744546780480042e+11 2.440114086105456437e+00 8.766693123179557234e-02
2.121745450489919739e+11 2.591439978939185096e+00 1.617199034677089253e-01
2.121747054030719910e+11 2.380465272593777826e+00 1.882328358617625097e-01
2.121747961092480164e+11 2.463182833430944463e+00 2.039644084999758522e-01
2.121748811510400085e+11 2.535157782292829065e+00 2.151338742923482317e-01
