2.121681604354560242e+11 0.000000000000000000e+00 0.000000000000000000e+00
2.121682451929919739e+11 0.000000000000000000e+00 0.000000000000000000e+00
2.121683288852160034e+11 0.000000000000000000e+00 0.000000000000000000e+00
2.121685940813760071e+11 0.000000000000000000e+00 0.000000000000000000e+00
2.121686780587200317e+11 0.000000000000000000e+00 0.000000000000000000e+00
2.121687631817279968e+11 0.000000000000000000e+00 0.000000000000000000e+00
2.121688437030719910e+11 0.000000000000000000e+00 0.000000000000000000e+00
2.121691930727039795e+11 0.000000000000000000e+00 0.000000000000000000e+00
2.121692829995520020e+11 0.000000000000000000e+00 0.000000000000000000e+00
2.121695415636479797e+11 0.000000000000000000e+00 0.000000000000000000e+00
2.121696275325119934e+11 0.000000000000000000e+00 0.000000000000000000e+00
2.121697073782079773e+11 0.000000000000000000e+00 0.000000000000000000e+00
2.121702271482044067e+11 0.000000000000000000e+00 0.000000000000000000e+00
2.121706601870399780e+11 0.000000000000000000e+00 0.000000000000000000e+00
2.121707429591040039e+11 0.000000000000000000e+00 0.000000000000000000e+00
2.121710037359040222e+11 0.000000000000000000e+00 0.000000000000000000e+00
2.121710885642879944e+11 0.000000000000000000e+00 0.000000000000000000e+00
2.121711738350400085e+11 0.000000000000000000e+00 0.000000000000000000e+00
2.121712622222400208e+11 0.000000000000000000e+00 0.000000000000000000e+00
2.121713505575999756e+11 0.000000000000000000e+00 0.000000000000000000e+00
2.121714357298560181e+11 0.000000000000000000e+00 0.000000000000000000e+00
2.121715228176000061e+11 0.000000000000000000e+00 0.000000000000000000e+00
2.121717805185599976e+11 0.000000000000000000e+00 0.000000000000000000e+00
2.121718667414400024e+11 0.000000000000000000e+00 0.000000000000000000e+00
2.121719520251520081e+11 0.000000000000000000e+00 0.000000000000000000e+00
2.121720391906559753e+11 0.000000000000000000e+00 0.000000000000000000e+00
2.121721215229440002e+11 0.000000000000000000e+00 0.000000000000000000e+00
2.121726471131519775e+11 0.000000000000000000e+00 0.000000000000000000e+00
2.121727306775039978e+11 0.000000000000000000e+00 0.000000000000000000e+00
2.121728158540800171e+11 0.000000000000000000e+00 0.000000000000000000e+00
2.121730761358080139e+11 0.000000000000000000e+00 0.000000000000000000e+00
2.121731633774114075e+11 0.000000000000000000e+00 0.000000000000000000e+00
2.121735069624960022e+11 0.000000000000000000e+00 0.000000000000000000e+00
2.121735927879360046e+11 0.000000000000000000e+00 0.000000000000000000e+00
2.121738585369073792e+11 0.000000000000000000e+00 0.000000000000000000e+00
2.121741999457919922e+11 0.000000000000000000e+00 0.000000000000000000e+00
2.121742829286719971e+11 0.000000000000000000e+00 0.000000000000000000e+00
2.121744574817279968e+11 0.000000000000000000e+00 0.000000000000000000e+00
2.121745413813119812e+11 0.000000000000000000e+00 0.000000000000000000e+00
2.121747171197759705e+11 0.000000000000000000e+00 0.000000000000000000e+00
